63
795
774
195
953
695
248
953
437
13
658
896
155
570
781
424
657
59
90
594
866
658
325
558
466
719
66
138
684
823
498
379
852
99
357
955
48
879
515
840
105
133
822
773
352
237
375
151
203
324
161
582
590
591
251
62
294
658
694
985
42
641
342
426
50
777
822
393
153
628
412
54
31
312
619
628
511
491
376
971
888
181
796
97
918
842
503
919
856
539
302
364
908
247
195
776
871
691
83
975
937
203
526
592
276
547
919
912
253
671
874
40
436
980
853
560
806
1
343
326
250
837
606
687
104
942
933
737
836
475
81
323
674
159
453
841
412
587
844
631
911
78
147
90
916
467
425
182
882
296
182
831
712
158
553
567
944
458
750
624
247
159
284
119
633
957
349
102
778
474
782
749
63
915
942
716
275
896
764
142
542
89
337
573
735
425
484
431
26
669
196
418
76
369
72
793
859
680
338
643
627
501
579
52
675
755
824
666
38
77
1
998
694
51
602
437
746
801
499
99
56
374
834
243
158
830
321
508
218
44
657
523
146
136
589
369
374
441
964
810
873
191
94
594
566
391
423
587
694
444
378
919
504
486
309
118
170
450
626
981
428
686
357
363
652
527
977
313
683
385
934
638
487
730
37
244
50
723
180
98
839
740
284
159
940
419
447
480
435
585
784
198
875
625
987
287
548
814
875
839
992
136
466
507
804
882
699
849
758
523
883
679
448
270
558
367
666
881
950
196
870
63
743
557
69
250
349
290
399
665
727
983
768
97
693
820
597
955
236
926
726
970
234
246
238
71
996
116
917
979
174
72
871
568
570
476
644
460
425
305
120
491
440
525
678
816
114
190
510
520
475
30
830
100
732
770
940
801
570
345
353
85
609
125
576
599
303
209
942
995
667
224
340
18
595
253
496
74
101
949
594
895
517
637
626
221
854
96
446
569
524
865
73
483
237
786
80
274
48
535
86
684
621
322
527
880
940
676
553
947
666
876
478
931
318
527
478
459
282
28
490
771
781
818
139
314
93
913
65
459
210
650
799
395
821
756
932
339
647
628
93
909
470
688
45
143
306
976
110
799
854
273
545
530
858
160
42
990
358
607
279
976
544
591
559
626
350
530
655
725
207
275
711
623
500
93
452
264
925
580
279
159
261
180
866
100
847
117
738
218
898
919
959
627
168
608
129
327
325
871
469
131
498
172
453
514
936
550
358
371
970
760
627
582
412
753
958
860
16
606
151
314
743
759
621
41
100
619
9
294
404
800
522
353
370
739
698
820
39
840
792
378
390
599
15
825
902
35
212
741
200
800
253
883
304
104
692
991
353
658
986
146
569
161
745
19
60
780
538
1000
812
319
821
634
933
381
623
947
551
959
894
141
685
766
192
264
178
361
145
591
427
59
66
183
927
717
87
917
643
947
57
499
803
942
266
655
723
854
344
473
587
913
888
198
577
852
940
165
512
724
743
206
126
746
908
114
731
137
615
323
733
549
155
120
625
202
275
829
51
670
484
613
951
180
695
85
561
30
637
303
726
278
994
175
837
729
420
830
480
744
277
304
684
61
220
324
312
126
179
800
379
737
353
878
6
285
982
846
736
968
751
225
264
106
72
896
653
133
86
591
882
976
887
954
805
222
584
914
646
432
214
523
789
436
729
109
260
487
346
894
412
134
286
608
51
301
138
20
674
939
334
850
549
434
926
668
852
542
939
54
719
258
929
4
246
817
401
81
85
791
623
574
167
629
566
623
866
115
295
822
968
861
992
651
310
61
713
521
988
89
537
381
461
184
48
645
769
318
182
979
22
89
704
469
406
568
955
667
241
767
464
524
66
993
488
612
440
955
433
46
35
985
351
386
422
943
78
100
948
326
450
577
914
353
314
334
868
323
209
87
868
102
828
128
414
762
730
788
919
497
301
991
531
843
903
602
501
59
23
971
481
741
531
238
574
666
880
957
943
722
4
751
64
380
973
680
294
837
786
452
311
586
823
185
737
308
526
56
230
888
80
255
709
447
780
239
148
953
422
661
401
217
561
728
672
549
351
222
767
36
892
714
965
180
187
30
633
775
584
529
662
473
309
101
356
185
672
55
442
193
889
484
399
548
794
637
561
484
47
343
548
908
964
873
188
128
470
923
782
872
418
671
912
971
769
7
833
517
493
851
163
39
341
940
677
376
692
634
389
541
368
199
619
962
679
190
632
133
659
779
85
987
662
689
904
369
393
178
946
721
614
566
364
863
213
467
543
407
91
364
362
470
175
586
238
729
519
236
878
53
