723
759
580
182
709
798
1000
634
568
231
718
942
827
552
35
818
836
830
120
228
484
253
165
638
137
299
733
737
293
601
509
845
459
359
639
270
969
859
907
604
193
54
4
127
810
755
432
45
380
253
274
874
881
787
698
619
838
827
899
631
809
353
197
682
644
969
753
511
831
641
730
857
876
972
411
478
436
148
643
457
959
663
901
906
737
901
324
748
71
227
484
323
721
719
268
704
274
521
207
603
610
962
1
732
989
660
7
854
740
910
111
32
233
554
151
376
991
444
433
70
840
233
172
403
953
650
150
573
848
852
525
928
694
357
613
546
918
508
155
746
429
941
592
846
700
889
82
817
977
590
924
45
244
40
830
354
717
475
911
19
795
636
326
145
838
939
873
190
222
471
324
216
429
758
779
737
183
351
275
431
522
246
146
220
1000
99
335
884
825
232
788
342
222
413
976
666
1000
650
721
917
559
744
366
652
470
388
779
795
708
409
918
224
598
161
438
776
823
656
539
173
593
581
184
652
45
789
957
607
143
558
761
923
925
21
109
320
822
724
444
504
631
356
222
478
113
58
276
877
742
129
925
698
626
461
319
543
558
775
690
596
695
346
918
932
317
632
476
209
8
633
794
133
813
162
672
935
414
462
24
374
328
764
779
29
150
940
645
339
907
199
890
430
164
570
147
339
227
574
625
364
960
304
882
638
914
496
24
910
11
552
175
544
914
603
447
972
866
503
615
789
832
368
19
807
866
987
660
429
626
531
438
452
570
276
919
527
505
482
714
815
763
764
419
471
911
307
582
266
642
585
512
953
498
96
47
397
405
56
190
429
895
427
616
589
969
297
381
899
359
452
906
623
810
15
691
590
228
664
716
275
499
142
749
139
692
513
891
739
969
165
131
176
125
682
546
171
619
756
24
895
791
89
651
968
340
964
88
106
85
110
460
651
71
171
760
510
475
120
811
941
618
679
489
210
960
588
882
594
547
992
45
95
477
975
987
720
261
424
184
511
685
56
451
926
900
612
15
431
674
625
955
583
204
57
812
591
686
685
362
407
381
945
631
158
439
521
844
722
713
582
342
624
472
596
749
321
732
91
438
498
350
384
94
934
227
504
702
202
32
721
63
460
365
924
771
753
142
306
546
242
428
130
342
978
595
293
262
407
580
926
239
658
755
321
393
836
211
927
549
959
645
203
765
199
167
5
691
963
665
344
771
876
691
321
557
240
418
478
698
763
273
793
352
356
556
280
312
927
536
131
717
860
798
593
39
187
23
70
669
409
841
965
849
284
328
350
22
576
480
509
300
491
758
951
28
19
446
209
63
338
326
79
248
339
946
917
754
420
377
205
116
423
549
766
370
679
64
598
173
932
857
4
226
882
70
364
503
740
588
776
273
897
145
279
148
176
163
196
594
694
449
950
221
585
199
343
583
959
959
676
830
728
562
456
126
485
127
853
254
763
578
112
780
592
102
888
764
897
901
51
163
293
355
908
387
962
603
620
167
194
745
36
790
121
159
173
948
974
459
437
188
532
653
751
218
827
815
397
100
824
221
76
289
382
859
291
522
951
646
673
213
43
11
147
552
611
603
535
482
179
256
289
21
178
113
983
576
575
385
986
473
986
806
796
151
939
510
856
662
171
899
202
852
638
631
116
584
986
411
754
762
206
697
244
773
106
233
357
881
631
464
588
670
154
925
511
947
362
334
550
907
835
767
443
241
999
882
588
203
145
402
314
337
317
945
794
433
903
506
654
163
342
961
359
935
365
822
776
687
590
344
442
750
595
982
80
936
795
673
438
635
725
197
139
339
67
902
584
516
926
903
996
120
90
214
877
992
998
236
781
407
139
712
399
138
215
795
540
332
564
102
743
870
545
271
737
596
677
387
33
738
395
989
684
365
959
565
461
286
395
524
241
457
902
755
713
860
594
707
405
739
64
918
546
816
746
301
719
183
77
196
170
808
401
480
34
502
15
152
312
572
494
905
119
487
313
939
885
791
744
833
789
511
186
878
195
763
676
659
3
497
297
349
774
161
709
467
770
758
575
293
84
190
139
903
293
286
234
941
462
983
823
273
897
933
998
296
478
645
946
955
567
6
707
634
361
577
187
202
719
939
412
606
516
393
520
155
797
554
843
782
633
208
521
473
678
752
896
42
33
762
538
92
121
506
201
566
256
276
846
266
527
927
185
145
949
592
975
41
20
519
250
120
521
174
459
410
982
54
692
535
957
948
829
888
155
665
214
295
94
711
868
462
669
863
409
736
858
831
236
